0 0.3 0.05 -60 -75
1 0.3 0.05 -60 -65
2 0.3 0.05 -60 -55
3 0.3 0.05 -40 -75
4 0.3 0.05 -40 -65
5 0.3 0.05 -40 -55
6 0.3 0.05 -20 -75
7 0.3 0.05 -20 -65
8 0.3 0.05 -20 -55
9 0.3 0.1 -60 -75
10 0.3 0.1 -60 -65
11 0.3 0.1 -60 -55
12 0.3 0.1 -40 -75
13 0.3 0.1 -40 -65
14 0.3 0.1 -40 -55
15 0.3 0.1 -20 -75
16 0.3 0.1 -20 -65
17 0.3 0.1 -20 -55
18 0.3 0.2 -60 -75
19 0.3 0.2 -60 -65
20 0.3 0.2 -60 -55
21 0.3 0.2 -40 -75
22 0.3 0.2 -40 -65
23 0.3 0.2 -40 -55
24 0.3 0.2 -20 -75
25 0.3 0.2 -20 -65
26 0.3 0.2 -20 -55
27 0.5 0.05 -60 -75
28 0.5 0.05 -60 -65
29 0.5 0.05 -60 -55
30 0.5 0.05 -40 -75
31 0.5 0.05 -40 -65
32 0.5 0.05 -40 -55
33 0.5 0.05 -20 -75
34 0.5 0.05 -20 -65
35 0.5 0.05 -20 -55
36 0.5 0.1 -60 -75
37 0.5 0.1 -60 -65
38 0.5 0.1 -60 -55
39 0.5 0.1 -40 -75
40 0.5 0.1 -40 -65
41 0.5 0.1 -40 -55
42 0.5 0.1 -20 -75
43 0.5 0.1 -20 -65
44 0.5 0.1 -20 -55
45 0.5 0.2 -60 -75
46 0.5 0.2 -60 -65
47 0.5 0.2 -60 -55
48 0.5 0.2 -40 -75
49 0.5 0.2 -40 -65
50 0.5 0.2 -40 -55
51 0.5 0.2 -20 -75
52 0.5 0.2 -20 -65
53 0.5 0.2 -20 -55
54 0.7 0.05 -60 -75
55 0.7 0.05 -60 -65
56 0.7 0.05 -60 -55
57 0.7 0.05 -40 -75
58 0.7 0.05 -40 -65
59 0.7 0.05 -40 -55
60 0.7 0.05 -20 -75
61 0.7 0.05 -20 -65
62 0.7 0.05 -20 -55
63 0.7 0.1 -60 -75
64 0.7 0.1 -60 -65
65 0.7 0.1 -60 -55
66 0.7 0.1 -40 -75
67 0.7 0.1 -40 -65
68 0.7 0.1 -40 -55
69 0.7 0.1 -20 -75
70 0.7 0.1 -20 -65
71 0.7 0.1 -20 -55
72 0.7 0.2 -60 -75
73 0.7 0.2 -60 -65
74 0.7 0.2 -60 -55
75 0.7 0.2 -40 -75
76 0.7 0.2 -40 -65
77 0.7 0.2 -40 -55
78 0.7 0.2 -20 -75
79 0.7 0.2 -20 -65
80 0.7 0.2 -20 -55
